18519640738
13661035597
18201376152
13717596465
136-9113-5122
18911101720
15110280300
18612665742
18600319066
18810921332
18600293348
13581770859
13311295008
18611294114
18810923121
13333399462
13552533681
18614013334
15711098011
15010062114
18511677817
13241646457
15028988320
18910604144
13240225330
13621005117
15010403651
18611067661
15001206440
13520727048
18810378193
13520264214
13241671658
13691163189
13321152301
18811716131
18611032079
15811463176
15210995217
18519010375
15711098011
13121684464
13621005117
18811716131
18519010375