公寓
13552857897
15010861930
18810883572
18513338541
18210685221
18201376152
18801437310
15925882921
18210440768
18301044553
18600293348
15210313987
15021474767
13552787213
15910319158
18301621223
13716529268
18810770767
13366779513
15832384541
15801586549
18201136884
15901402707
13552379738
17710938081
13011188124
18311074760
18810439312
15601087987
15611663507
4009002225
13845999225
13552471533
18755127335
18210126103
15210147996
13370133895
15110280300
15711303295
13699203824
18810143905
18810423123
17600761277
13126777381
18811146047
13701227707
17310213884
18134227509
15910604194
13520915470
13716904896
18911581220
13263309456
13121256046
13601255237
17710357220
17778080980
17600587236
18701625201
17896034703
13011192261
18210805303
13366046353
15711037558
18201380905
18519640738
15201151923
18810065025
13716294584
17301158706
15010061743
18201099015
17710949257
15101112140
18511112744
18001381835
17710131813
18701248980
17701298202
18550450410
13381258976
17810315485
13691187087
15201091049
15011523423
18410862549
13331048238
18410265735
13261834665
18611276230
18804890614
13331103913
17310488814
18701342086
15904620567
18618404343
18001104099
15611044487
18311414948
13520619597
15801069517
15210680327
13701371612
15521081464
13261253960
18511863238
13261939328
18211150179
17600667345
15011313487
15642274888
17310034561
15011507634
13120201611
15910352561
13121579395
17701333346
17610501906
17301076589
18710108830
15201115310
13672104297
13366589044
15040828770
15501013408
13683049781
13699175606
15010676075
17692625118
15117912283
13311309026
13693286273
15811337736
18518661828
13683192064
15001127987
18910893935
18811558845
18310339560
18310032761
17801110987
18001292824
13716658105
13051285701
18513136130
15101667651
17701302505
13121027728
18611988628
15313160039
17600658595
15210044009
17896056005
17896052794
15011523047
18801447258
18501612125
13691334903
18611023734
15301037971
15801270267
18811220974
13311402131
18410943673
18811614520
13621321307
13552461318
17701213308
18410873206
17181011541
17600638018
18511970024
18811079135
13161633733
13717741831
17634002548
13522923326
15313248471
13126808398
15845015623
15210929856
18211087571
15010833827
15110295128
13831659264
18911969867
13522063391
13718499007
13146174832
17611185116
13911352155
18516738778
15110073751
13699181351
13106003416
18010408995
13371627678
15302152030
13552940020
13120311605
13522908891
15611663407
17600591817
13699221623
15311181665
15321581558
15914448537
18310687432
18611928425
13331088219
15011553453
15210305758
15510400541
18810344063
13522379182
17080055346
18410908215
18211044272
18910248710
13269088678
17319165930
17319325552
18210578165
18813099914
17600260035
17600480310
18210081187
13810636827
18911915490
13241171036
18132533344
18911129115
18514475551
13641230448
13651228393
15810363001
18301524146
2514812601
15210299866
13435419870
13693371377
18842975230